20289
22086
18795
6884
5848
24352
18312
21172
12833
16414
32497
9116
31624
19703
6106
8936
16421
27757
27687
6280
10665
19321
10471
1817
1229
22572
12771
16937
8187
16278
18142
21844
7919
30983
23101
28401
16964
15878
13072
27779
13314
9325
6488
5198
6447
331
30936
23920
4473
21047
18278
713
26731
25027
19223
2652
12918
29136
5018
3620
28669
27811
23867
23247
22883
8665
28186
10959
11076
10374
597
16426
1423
7051
80
17123
25849
12083
16889
19499
12920
26213
12759
23012
3887
25135
32096
23423
9674
3305
15883
30236
16252
7622
15921
10253
729
13358
3470
16935
19740
15921
25910
30326
25989
15190
18846
32586
31101
10862
22489
14295
11857
4028
12969
17929
16688
31525
436
5811
1325
29170
6202
21349
21527
26909
7421
31052
15071
16818
14337
10176
2035
9019
21677
25718
11991
18662
13296
30197
32453
29213
415
13358
25690
972
27297
12354
24174
24897
